0.00488987118
0.0110011185
0.0227635699
0.0679322667
0.00140252617
0.00173961861
0.00428547359
0.0143372274
0.00354499673
0.00349353537
0.0273524687
0.0315497469
0.00131835591
0.0237726078
0.00268390702
0.00442850679
0.0174736084
0.00156699332
0.052046047
0.0430717289
0.00233836059
0.0142767109
0.0157187053
0.00589044512
0.00354668849
0.00222866505
0.00507170913
0.00921892178
0.0177042757
0.00201397631
0.0294329854
0.00348607931
0.00306329185
0.0272013681
0.00636516322
0.00291491435
0.00158465465
0.0127236977
0.00570352061
0.00397272631
0.00537340911
0.0128232831
0.0213531248
0.0310752618
0.00449620728
0.00844818933
0.00160047433
0.0018820038
0.0238648872
0.00517800258
0.00331745388
0.00152677205
0.00873678998
0.00309605464
0.00157283502
0.00141950836
0.00137424624
0.010579164
0.00357334305
0.00546817696
0.00510033115
0.0174784548
0.00213877067
0.00153093805
0.00492312046
0.0162524254
0.00222689808
0.0212659827
0.00134367702
0.00341968299
0.00245414837
0.00862610676
0.0101079175
0.0035126794
0.0130891479
0.00224529709
0.00158760327
0.00274817409
0.00166110263
0.00164859562
0.00144929195
0.00429152406
0.0202744812
0.00862751406
0.00431514761
0.0113154933
0.00142627301
0.00457015521
0.0556707881
0.00192514025
0.00285240343
0.0116956897
0.00567128073
0.0425484188
0.00266511179
0.0254700108
