0.00371673363
0.0165264269
0.00688136956
0.00225260407
0.104416837
0.00174285171
0.011305913
0.00681427805
0.00420692322
0.00827421033
0.00287395361
0.0012977959
0.0057735609
0.0119219586
0.0614610724
0.00245212676
0.00268510631
0.00111748659
0.00168777503
0.00479234527
0.00585653435
0.00140684153
0.0274926616
0.00573912796
0.00292097312
0.00278300507
0.0063226749
0.00458922816
0.0050220671
0.00102636089
0.00205062101
0.0191017642
0.000907889594
0.00564067865
0.00460553694
0.00802072912
0.00138543351
0.0459636992
0.00115391812
0.00388108199
0.00120692288
0.0126495957
0.0469398243
0.015992412
0.00292956455
0.000963628799
0.00844253686
0.00971533594
0.0232886281
0.0317616259
0.00108403519
0.00612939724
0.00584923362
0.00195453938
0.00259304941
0.00329860401
0.0132728063
0.00727518589
0.00819971966
0.0585189606
0.0173120163
0.00653193393
0.00542776899
0.00123914898
0.00326255857
0.00616647644
0.018041238
0.00493293446
0.0238544949
0.00295219454
0.00252982828
0.00624669004
0.00303840836
0.00273040039
0.01066959
0.00282747532
0.00449477143
0.0058923001
0.00627561826
0.00297704974
0.00115283374
0.00335852789
0.0145422782
0.0252887729
0.003424447
0.00581121348
0.00561279702
0.00203792088
0.00383139754
0.0620878664
0.00169776039
0.00744639702
0.00337112869
0.0373056866
0.00187751976
0.00361279302
